% Case saved by PowerWorld Simulator, version 24, build date June 4, 2025
function mpc = results_1
    mpc.version = '2';
    mpc.baseMVA =  100.00;
    
    %% bus data 
    mpc.bus = [
    1	3	0.00	0.00	0.00	0.00	1	1.0599999	0.000001	138.00	1	1.100	0.900	7.17	0.00	0	0
    2	2	25.00	10.00	0.00	0.00	1	1.0505236	-1.494485	138.00	1	1.100	0.900	7.11	-0.03	0	0
    3	2	28.00	15.00	0.00	0.00	1	1.0300108	-1.758163	138.00	1	1.100	0.900	7.36	0.00	0	0
    4	1	35.00	5.00	0.00	0.00	1	1.0289947	-2.451197	138.00	1	1.100	0.900	7.43	0.02	0	0
    5	1	70.00	10.00	0.00	0.00	1	1.0190411	-4.744226	345.00	1	1.100	0.900	8.47	0.19	0	0
    ];
    
    %% generator data 
    mpc.gen = [
    1	65.37	2.86	9900.00	-9900.00	1.0600	100.00	1	65.37	65.37	0.00	0.00	0.00	0.00	0.00	0.00	0	0	0	0	10.0000	0	0	0	0
    2	49.75	30.00	30.00	30.00	1.0505	100.00	1	80.00	10.00	0.00	0.00	0.00	0.00	0.00	0.00	0	0	0	0	1.0000	0	0	0	0
    3	45.21	-17.21	9900.00	-9900.00	1.0300	100.00	1	70.00	10.00	0.00	0.00	0.00	0.00	0.00	0.00	0	0	0	0	1.0000	0	0	0	0
    ];
    
    %% generator cost data
    mpc.gencost = [
    2	0	0	4	0.0000	0.008	7.000	200.00
    2	0	0	4	0.0000	0.009	6.300	180.00
    2	0	0	4	0.0000	0.007	6.800	140.00
    ];
    
    %% branch data
    mpc.branch = [
    1	2	0.020000	0.060000	0.06000	60.00	0.00	0.00	0.00000	0.000	1	0.00	0.00	48.78	-2.26	-48.35	-3.15	0	0	0	0
    1	3	0.080000	0.240000	0.05000	20.00	0.00	0.00	0.00000	0.000	1	0.00	0.00	16.60	5.12	-16.36	-9.86	0	0	0	0
    2	3	0.060000	0.180000	0.04000	20.00	0.00	0.00	0.00000	0.000	1	0.00	0.00	6.08	7.74	-6.01	-11.85	0	0	0	0
    2	4	0.060000	0.180000	0.04000	40.00	0.00	0.00	0.00000	0.000	1	0.00	0.00	12.82	6.17	-12.69	-10.11	0	0	0	0
    2	5	0.040000	0.120000	0.03000	55.00	0.00	0.00	0.00000	0.000	1	0.00	0.00	54.21	9.27	-53.10	-9.16	0	0	0	0
    3	4	0.010000	0.030000	0.02000	50.00	0.00	0.00	0.00000	0.000	1	0.00	0.00	39.58	-10.51	-39.43	8.86	0	0	0	0
    4	5	0.080000	0.240000	0.05000	30.00	0.00	0.00	0.00000	0.000	1	0.00	0.00	17.12	-3.74	-16.90	-0.84	0	0	0	0
    ];
    
    %% bus names
    mpc.bus_name = {
    'Bus 1';
    'Bus 2';
    'Bus 3';
    'Bus 4';
    'Bus 5';
    };
    
    %% Generator Unit Types
    mpc.gentype = {
    'UN';
    'UN';
    'UN';
    };
    
    %% Generator Fuel Types
    mpc.genfuel = {
    'unknown';
    'unknown';
    'unknown';
    };
     

